
--------------------------------------------------------------------------------------------------------------------------------------------------------------------------------------------------------
|01 |
--------------------------------------------------------------------------------------------------------------------------------------------------------------------------------------------------------
|02 | 01 |
--------------------------------------------------------------------------------------------------------------------------------------------------------------------------------------------------------
|06 | 03 | 01 |
--------------------------------------------------------------------------------------------------------------------------------------------------------------------------------------------------------
|20 | 10 | 4 | 01 |
--------------------------------------------------------------------------------------------------------------------------------------------------------------------------------------------------------
|70 | 35 | 15 | 5 | 01 |
--------------------------------------------------------------------------------------------------------------------------------------------------------------------------------------------------------
|252 | 126 | 56 | 21 | 6 | 01 |
--------------------------------------------------------------------------------------------------------------------------------------------------------------------------------------------------------
|924 | 462 | 210 | 84 | 28 | 7 | 01 |
--------------------------------------------------------------------------------------------------------------------------------------------------------------------------------------------------------
|3432 | 1716 | 792 | 330 | 120 | 36 | 8 | 01 |
--------------------------------------------------------------------------------------------------------------------------------------------------------------------------------------------------------
|12870 | 6435 | 3003 | 1287 | 495 | 165 | 45 | 9 | 01 |
--------------------------------------------------------------------------------------------------------------------------------------------------------------------------------------------------------
|48620 | 24310 | 11440 | 5005 | 2002 | 715 | 220 | 55 | 10 | 01 |
--------------------------------------------------------------------------------------------------------------------------------------------------------------------------------------------------------
|184756 | 92378 | 43758 | 19448 | 8008 | 3003 | 1001 | 286 | 66 | 11 | 01 |
--------------------------------------------------------------------------------------------------------------------------------------------------------------------------------------------------------
|705432 | 352716 | 167960 | 75582 | 31824 | 12376 | 4368 | 1365 | 364 | 78 | 12 | 01 |
--------------------------------------------------------------------------------------------------------------------------------------------------------------------------------------------------------
|2704156 | 1352078 | 646646 | 293930 | 125970 | 50388 | 18564 | 6188 | 1820 | 455 | 91 | 13 | 01 |
--------------------------------------------------------------------------------------------------------------------------------------------------------------------------------------------------------
|10400600 | 5200300 | 2496144 | 1144066 | 497420 | 203490 | 77520 | 27132 | 8568 | 2380 | 560 | 105 | 14 | 01 |
--------------------------------------------------------------------------------------------------------------------------------------------------------------------------------------------------------
|40116600 | 20058300 | 9657700 | 4457400 | 1961256 | 817190 | 319770 | 116280 | 38760 | 11628 | 3060 | 680 | 120 | 15 | 01 |
--------------------------------------------------------------------------------------------------------------------------------------------------------------------------------------------------------
|155117520 | 77558760 | 37442160 | 17383860 | 7726160 | 3268760 | 1307504 | 490314 | 170544 | 54264 | 15504 | 3876 | 816 | 136 | 16 | 01 |
--------------------------------------------------------------------------------------------------------------------------------------------------------------------------------------------------------
|601080390 | 300540195 | 145422675 | 67863915 | 30421755 | 13037895 | 5311735 | 2042975 | 735471 | 245157 | 74613 | 20349 | 4845 | 969 | 153 | 17 | 01 |
--------------------------------------------------------------------------------------------------------------------------------------------------------------------------------------------------------
|2333606220 | 1166803110 | 565722720 | 265182525 | 119759850 | 51895935 | 21474180 | 8436285 | 3124550 | 1081575 | 346104 | 100947 | 26334 | 5985 | 1140 | 171 | 18 | 01 |
--------------------------------------------------------------------------------------------------------------------------------------------------------------------------------------------------------
|9075135300 | 4537567650 | 2203961430 | 1037158320 | 471435600 | 206253075 | 86493225 | 34597290 | 13123110 | 4686825 | 1562275 | 480700 | 134596 | 33649 | 7315 | 1330 | 190 | 19 | 01 |
--------------------------------------------------------------------------------------------------------------------------------------------------------------------------------------------------------
|35345263800 | 17672631900 | 8597496600 | 4059928950 | 1855967520 | 818809200 | 347373600 | 141120525 | 54627300 | 20030010 | 6906900 | 2220075 | 657800 | 177100 | 42504 | 8855 | 1540 | 210 | 20 | 01 |
--------------------------------------------------------------------------------------------------------------------------------------------------------------------------------------------------------